PV0
PV1
CV0
 0 
DV0
DV1
DV2
 0 
CV1
PV2
PV3
:
PV4
CV2
 0 
 0 
 0 
 0 
 0 
 0 
 0 
CV3
PV5
:
 0 
 0 
 0 
 0 
 0 
 0 
 0 
 0 
 0 
 0 
 0 
:
 0 
 0 
 0 
 0 
 0 
 0 
 0 
 0 
 0 
 0 
 0 
:
 0 
 0 
 0 
 0 
 0 
 0 
 0 
 0 
 0 
 0 
 0 
:
 0 
 0 
 0 
 0 
 0 
 0 
 0 
 0 
 0 
 0 
 0 
:
 0 
 0 
 0 
 0 
 0 
 0 
 0 
 0 
 0 
 0 
 0 
:
 0 
 0 
 0 
 0 
 0 
 0 
 0 
 0 
CV5
 0 
 0 
:
 0 
 0 
CV4
 0 
 0 
 0 
 0 
 0 
CR5
PR1
 0 
:
PR0
 0 
 0 
 0 
 0 
 0 
 0 
 0 
 0 
 0 
 0 
:
PR2
PR3
 0 
 0 
DR0
DR1
DR2
 0 
 0 
PR4
PR5
:

